03
09
03
09
03
10
11
05
03
09
07
05
02
11
12
12
06
01
10
05
09
01
10
02
09
09
06
06
10
03
02
09
10
08
07
04
11
06
12
05
02
07
01
05
06
12
02
05
01
06
08
09
02
07
10
03
11
04
05
09
07
09
02
06
03
09
04
07
08
03
06
09
04
10
10
10
05
04
06
11
10
01
03
04
09
09
11
07
12
08
04
02
03
06
01
07
02
01
08
01
03
09
03
09
03
10
11
05
03
09
07
05
02
11
12
12
06
01
10
05
09
01
10
02
09
09
06
06
10
03
02
09
10
08
07
04
11
06
12
05
02
07
01
05
06
12
02
05
01
06
08
09
02
07
10
03
11
04
05
09
07
09
02
06
03
09
04
07
08
03
06
09
04
10
10
10
05
04
06
11
10
01
03
04
09
09
11
07
12
08
04
02
03
06
01
07
02
01
08
01
03
09
03
09
03
10
11
05
03
09
07
05
02
11
12
12
06
01
10
05
09
01
10
02
09
09
06
06
10
03
02
09
10
08
07
04
11
06
12
05
02
07
01
05
06
12
02
05
01
06
08
09
02
07
10
03
11
04
05
09
07
09
02
06
03
09
04
07
08
03
06
09
04
10
10
10
05
04
06
11
10
01
03
04
09
09
11
07
12
08
04
02
03
06
01
07
02
01
08
01
03
09
03
09
03
10
11
05
03
09
07
05
02
11
12
12
06
01
10
05
09
01
10
02
09
09
06
06
10
03
02
09
10
08
07
04
11
06
12
05
02
07
01
05
06
12
02
05
01
06
08
09
02
07
10
03
11
04
05
09
07
09
02
06
03
09
04
07
08
03
06
09
04
10
10
10
05
04
06
11
10
01
03
04
09
09
11
07
12
08
04
02
03
06
01
07
02
01
08
01
03
09
03
09
03
10
11
05
03
09
07
05
02
11
12
12
06
01
10
05
09
01
10
02
09
09
06
06
10
03
02
09
10
08
07
04
11
06
12
05
02
07
01
05
06
12
02
05
01
06
08
09
02
07
10
03
11
04
05
09
07
09
02
06
03
09
04
07
08
03
06
09
04
10
10
10
05
04
06
11
10
01
03
04
09
09
11
07
12
08
04
02
03
06
01
07
02
01
08
01
