-122.28501474097000
-122.28462447957666
-122.28452389674222
-122.28489873543555
-122.28495170906111
-122.28456010656222
-122.28460838632222
-122.28498858943333
-122.28478004769111
-122.28471567467888
-122.28482564524333
-122.28461710350111
-122.28486789003333
-122.28477602437888
-122.28470226363444
35.5078032046233333
35.5078655659801555
35.5079547494259333
35.5079252451280888
35.5079963236638000
35.5080352156927999
35.5080278396183333
35.5080050408427222
35.5079916297982444
35.5078119218022555
35.5078280150556222
35.5078032046233333
35.5078655659801555
35.5079547494259333
35.5079252451280888
35.5079963236638000
35.5080352156927999
35.5080278396183333
35.5080050408427222
35.5079916297982444
35.5078119218022555
35.5078280150556333
35.5078032046233333
35.5078655659801555
35.5079547494259444
35.5079252451280999
35.5079963236638000
35.5080352156928000
35.5080278396183444
35.5080050408427333
35.5079916297982555
35.5078119218022666
35.5078280150556333
35.5078032046233333
35.5078655659801555
35.5079547494259444
35.5079252451280999
35.5079963236638000
35.5080352156928000
35.5080278396183444
35.5080050408427333
35.5079916297982555
35.5078119218022666
35.5078280150556333
35.5078032046233333
35.5078655659801555
35.5079547494259444
35.5079252451280999
35.5079963236638000
35.5080352156928000
35.5080278396183444
35.5080050408427333
35.5079916297982555
35.5078119218022666
35.5078280150556333
35.5078032046233333
35.5078655659801555
35.5079547494259444
35.5079252451280999
35.5079963236638000
35.5080352156928000
35.5080278396183444
35.5080050408427333
35.5079916297982555
35.5078119218022666
35.5078280150556333
35.5078032046233333
35.5078655659801555
35.5079547494259444
35.5079252451280999
35.5079963236638000
35.5080352156928000
35.5080278396183444
35.5080050408427333
35.5079916297982555
35.5078119218022666
35.5078280150556333
35.5078032046233333
35.5078655659801555
35.5079547494259444
35.5079252451280999
35.5079963236638000
35.5080352156928000
35.5080278396183444
35.5080050408427333
35.5079916297982555
35.5078119218022666
35.5078280150556333
35.5078032046233333
35.5078655659801555
35.5079547494259444
35.5079252451280999
35.5079963236638000
35.5080352156928000
35.5080278396183444
35.5080050408427333
35.5079916297982555
35.5078119218022666
35.5078280150556333
35.5078032046233333
35.5078655659801555
35.5079547494259444
35.5079252451280999
35.5079963236638000
35.5080352156928000
35.5080278396183444
35.5080050408427333
35.5079916297982555
35.5078119218022777
35.5078280150556333
-73.950946947677222
-73.950911452732111
-73.950887469661111
-73.950923923929111
-73.951023693504555
-73.951054391835444
-73.951089886780555
-73.951089886780555
-73.951058229126777
-73.951000669756333
-73.950946947677222
-73.950911452732111
-73.950887469661111
-73.950923923929111
-73.951023693504555
-73.951054391835444
-73.951089886780555
-73.951089886780555
-73.951058229126777
-73.951000669756333
-73.950946947677222
-73.950911452732111
-73.950887469661111
-73.950923923929111
-73.951023693504555
-73.951054391835444
-73.951089886780555
-73.951089886780555
-73.951058229126777
-73.951000669756333
-59.629839413512222
-59.627529641276999
-59.627367384549666
-59.628913595715444
-59.628550904207444
-59.627090593661999
-59.627577363843888
-59.629600800677999
-59.627128771715444
-59.627128771715444
-59.627128771715444
-59.627128771715444
-59.627128771715444
-59.627128771715444
-59.627128771715555
-59.627128771715444
-59.627128771715555
-59.627128771715666
-59.629839413512222
-59.627529641276999
-59.627367384549666
-59.628913595715444
-59.628550904207444
-59.627090593661999
-59.627577363843888
-59.629600800677999
-59.627128771715444
-59.629839413512222
-59.627529641276999
-59.627367384549666
-59.628913595715444
-59.628550904207444
-59.627090593661999
-59.627577363843888
-59.629600800677999
-59.627128771715444
-59.629839413512222
-59.627529641276999
-59.627367384549666
-59.628913595715444
-59.628550904207444
-59.627090593661999
-59.627577363843888
-59.629600800677999
-59.627128771715444
-59.629839413512222
-59.627529641276999
-59.627367384549666
-59.628913595715444
-59.628550904207444
-59.627090593661999
-59.627577363843888
-59.629600800677999
-59.627128771715444
-59.629839413512222
-59.627529641276999
-59.627367384549666
-59.628913595715444
-59.628550904207444
-59.627090593661999
-59.627577363843888
-59.629600800677999
-59.627128771715444
